1110010011100110100000001000010
1010100111010101011010011100111001011000
110001100000011010110110001001110
101100011111101000100010011100001
11011110001010110100101110110010
111010001110101100010110101011100000110111
111010001110101100010110101011100000110111
101110001111110100010100001000110001011
101111101011110011011010111
1100010111110011101000010100000
1011000111101000111111000001110
1000101011001101101011100000011010
1010110110000001000110011000100001010
100111110110011101110101010000101000011
100000110001101010000101100111100001101111
1101101010101000010000101110011000000100110
1011000111101000111111000001110
1010000100010011001000110010000101
1100010111110011101000010100000
10111111000111010011000011110001
101110011101010000101100101110101
111110110110110111110100011000
1110111010111110001100000001000000
1111101110111100101011110000000100110100
110001010110011000110010010000111
111111001010110010110100010010000
111011110111001111100001011111011110111
1110001000111111111111100011111001100101
1111010110101111110111001000111011
10100010001100010100011110101010
100001011011010110101011110111100
100000011110111000110110010001010
110001000110110100101101010000
110001010010001001000101011111101011
1101110100011100000100001001111
10101111001000001001000001111010001
1001001011111011011001010000010111110
110110010010111101000011110100
1110110110010001000000110101010
1000010010100011011000101001000
110110111111111100001010000110100111101010100101
11111110101011100100011111000001100111000
1000110000110110110000011011010001011011
1000101000110001100010100110001010
110101111010001001001111100000011100
10000010010110011010011000000111111101
100010110010001011101110111001110
100000000001111010001001101
110001010010001001000101011111101011
1000001110101011001111010100
101001000101110011001110111
1111100001100100010010110011010
100001001001000100111100001
101011110110110111000000110001011110101
11010001111100111111001000111011011
10110100110001100011000111110011111
100011111101101100000100011111101100
1001000001010001110001111100100111110
10111000011110100101110111
1100010011101111101000111
101111110010000110001010001
100010110000001000100001110111111
101010101110101110010001000100101010001
111111111000100101011000011100111
100000010001000011100010111000000
100010110010101101100110010111010
111111111000100101011000011100111
11000111010010110000100111100111
10110011000111011010000000001111
1101111110010111001010100000000
11101010011010001000111111011110101001001
11101010011010001000111111011110101001001
10101010111110100010101100
10110110111111100101100001011101
10111010001011000000110110000100000111
101001110100101
1000001111110000000010111100101001
10100011110011011000100101111111101011
1111111110010011010110100101011
100111101001010101000110110010001100011100
101101100001110000100001000101100001101001010110
10100011111111100010101001011001111011
10100111000010101010111010111100
11010011110100101001101111111100000100110
1000101001011010100100001111001100
1101100000000000100001100110100101011
10110110000111000010000100010110000110100101011
10101011001101000000111010111101110010
110110010010111101000011110100
110000110011001000100000100101
100110000100101000100000001010101
111111110111001111010010001110111001110
111111110111001111010010001110111001110
1111011001111100010001101111000
11100110100111010100000010010
101101110100011111110010010
110010101001101100111011010101011100
110001000010100101111101011110010
111111011001101101101000011111110101000
1000110001101101000
10011111100110010000000011110111001101110
110011100000000111101110010001
110001000010101011000111110000011
11010011110010000110001100000001011111011
1110111010111110001100000001000000
1001111111111000011101010011010001
11011011000010110000010000011000
11100001001100010101101100111110000110
1001011000111011100000101100010110111
1110111010111110001100000001000000
1000101001010110001100001110110
1101010010000010100001100010011
1110111010111110001100000001000000
11100001001100010101101100111110000110
1000111111000110001110111100101001
111001100000100111111000000011
101100011111100110101011
1000011111101100011111010001010100000
11011111000001101110100000001110
1000110111111011101111110001001
11011001101001101010100000101011101
10100010001100010100011110101010
100000011110111000110110010001010
10100010001100010100011110101010
10010101100110101100110100010010000110011111001011
100111111011000001010101111100111011100000011
100000011110111000110110010001010
10010110100100101100010011111
100100001001000100110011101110001
111111111110110000001110110101100110010
11111101101000011111100010111000
1000000000011010101110010110010
1000101000100001111101111011110
1111110110100001111110001011100
100101010011001111100101110011100
100001100001100011000010110001101
10100111011001001010011110100010
100011000110010011001011000010011100001
100011000110010011001011000010011100001
100010110110000100101001000010111100110
101001010110010101110000010110101000
11110110100000010100011111001110
11011101001010100001001011100100111110111000
11000110110100011101011101110111
110001010111100011100111000011000
10110111000100111001111111
110110111011011110110000100110001
1111111100111111110110110011110100011
1111011111101100001110000101111000100
1011100011000000001101111100011011
1000010010011011010101111101000010100011111
10001110111100111100001001010
1110110011001101100001000000000
1000100100110110011001101000
10000011101111010100010000110001
1111000001100110100001110101110011110
101101000010011101111100001100101011
111110011001110101001000111010100111
1001000101010010010010110001111001101010
11010101100111100101110011110111100101
10001100100011011110010111111111110101
111010100110101101011000110100011100100
110101111101101101111111111000010
1000010010100011011000101001000
101100000111001101001111010
101001000101110011001110111
1111000110011011110001001
1111100001100100010010110011010
100001001001000100111100001
1000001110101011001111010100
1001001010000000010111001001
1000110000110110110000011011010001011110
1000001010011011110000001111111010001011
10111111111111011010011011101110111110
1111110010100101110101011100100110010
110100101010111110000010010001001110101
1101000101000001111110111011000011011100
110000100000000011000010110010011
101000011101101101100101111011000
10011110000011001110101100000101
10100000001001010000011011000101
1011101101000000111001100100110110
1111011010000001010001111100111
100111101001010111110010110
1
1100
100101001010011010010110011001000110
1101111011010010011001000011111001110
1010110101000101010100011
1010101100000001010001010
1000111111000000101000101001110
101111110010001010100100000
1000101111100010101011000001111
1101111010100010011101001000100
1111011001111100101011000001010
10010101001011110111001011110010010
11010110000111110000101011010
110111100110000110111011001
11100110111000100001010111000
110100111111011111100101111001
1110000010001000110100101001010
1100100111001101001011111101110
111110111110100011000001000001
1000011100110111110000101101001
1000011100110111110000101101001
1000011000001110011001010001111
10111101101111011111110111110110
1000011000111101101100110011110
10010001001011011001
111110110110110111110100011000
110001000010100110010110001011010
110000110011001000100000100101
100110000100101000100000001010101
100011111101101100000100011111101100
110110010010111101000011110100
10100010110001101001100111001000
100110000100101000100000001010101
1110111111101100110110101001110011000
10001110111100111100001001010
1111010111001010111111110110100110001
10011100011110100000011001000100000
110001100111110111101000010
10101011001111011010001001110101001110
10110110011100010010010100001
1101101001110010100110010110000
10001011000100010110111010101
101110000100101110000100010
110001101011100011010101011
1011011001110001001001010001
1100011110101010101110101101111
1011001101110011101000001101011
1000110000000001100100110111110101
1011101111100000111001000010011000100
1011101111100000111001000010011000100
110101000000001101101010011000
100000101010011001000001110
1101101111100000011011000001
1100010110011101100000101101
111101101010111011111010101
1000010001101001101011100100
1011101010000101011100011010011101010
10000001000110010110
100000101010011100011101110
10100010111100010000
10100011110010001101
100101101000011001101011111010011
11101010111000000011110001100100110
10010111100011010101101011001000
10001011100011010100100010
111000110010101111000101100000101
110001010111100011100111000011000
11110110100000010100011111001110
111110110110110111110100011000
110001000010100110010110001011010
1110101100111011011010100011100
110001010100101100101
1000010011010111010110
111010001101111011000001011
1000011100011110000011000000
10000011100111101100
1011001001101011011011111010011101011
1111011000100001101110110110000110100
100110010000010100010110010011011101101100011
10101011000000010100101010001000111101
101001100111011101110111111101110
11000111010100011100111011110000000
11111101110010000001001110110100
1101001000110010011000001110100001
1110001010100110110001100010000101
11010000000101010101010111110100100
110010001011011
1100011101100100010111101001010
1011001100110100011001000011001
1000101111010000001111010100101101
1110101010000110010110110010001010111111
1110101010000110010110110010001010111111
110100111011100010110100010010
1000101100111010000010101101
1011101000000010000101000000001000100
10001000101111
10000000111010111111
100001110111110010100010011110011110
1000011101111100101000100111100111100
10011111101100000101010111110011101101111100
1001010110011010110011010001001000011001110111011
1100101010111101100110011001010001
10000001111011100011011001000101
101011111011110010011100
101100011011111011001010
1000100100110110011001101000
10010111110101011100000100101000010
11000001010100101000001000101110
1000000000011000110000011111000
1000101000011111110110001101111
1111110110011110000100111111000
111000110000011000101101001000011
111000110000011110101011011000001
11000111010100000111111101011000110
11111101110001100110100001101011
1010100000100111001100100110011
1011010101010001000001101101000
10100110011101100101111110110000
10001110111100111100001001010
11101111011010111001
11000101111001101
11000011010100000
10101101000010111011111
10101010010110111011
11011000111010000
1010100111001000011
1001101010101001011
1000101100000000110
101011011000010010
101110100100011101
101110100100011101
101001000011100111
101110001010110111
101110001110111100
111101111101001011001010010010010110
111111111111100001101001001111011110100
101100011000111101011100000111000
1011001101011101000010011011111
1111000111000001011010000001101000
10110001100011110101110000011100
100101010011101100011001011111001
100001100001111100111011110010111
10100111011011001011110000011000
100011000110101110010001110111101010000
100011000110101110010001110111101010000
100010110110011111100011010110000110100
1100010111110011101000010100000
11110000011001101000011101011100111011
100010101111
101011110011010010100001000100010
1101110100010101001000001
